[gd_scene load_steps=8 format=3 uid="uid://cnn016244vni2"]

[ext_resource type="Texture2D" uid="uid://blrw3cinmaufn" path="res://assets/textures/grid.png" id="1_0wfyh"]
[ext_resource type="PackedScene" uid="uid://drvfgid71y2jh" path="res://scenes/player.tscn" id="1_ig7tw"]

[sub_resource type="BoxShape3D" id="BoxShape3D_7dm0k"]
size = Vector3(30, 1, 30)

[sub_resource type="BoxMesh" id="BoxMesh_ig7tw"]
size = Vector3(30, 1, 30)

[sub_resource type="StandardMaterial3D" id="StandardMaterial3D_sugp2"]
albedo_texture = ExtResource("1_0wfyh")
uv1_triplanar = true
uv1_world_triplanar = true

[sub_resource type="Sky" id="Sky_0xm2m"]

[sub_resource type="Environment" id="Environment_h2yge"]
background_mode = 1
background_color = Color(0.83756435, 0.525249, 0.45322728, 1)
sky = SubResource("Sky_0xm2m")
ambient_light_source = 2
ambient_light_color = Color(0.5057936, 0.40608752, 0.7869025, 1)
fog_enabled = true

[node name="World" type="Node"]

[node name="Floor" type="StaticBody3D" parent="."]
transform = Transform3D(1, 0, 0, 0, 1, 0, 0, 0, 1, 0, -0.5, 0)

[node name="CollisionShape3D" type="CollisionShape3D" parent="Floor"]
shape = SubResource("BoxShape3D_7dm0k")

[node name="MeshInstance3D" type="MeshInstance3D" parent="Floor"]
mesh = SubResource("BoxMesh_ig7tw")
surface_material_override/0 = SubResource("StandardMaterial3D_sugp2")

[node name="Player" parent="." instance=ExtResource("1_ig7tw")]
transform = Transform3D(0.9659258, 0, 0.25881922, 0, 1, 0, -0.25881922, 0, 0.9659258, -8.290158, 10.461169, 0)
slide_on_ceiling = false
posture_change_speed = 10.0

[node name="DirectionalLight3D" type="DirectionalLight3D" parent="."]
transform = Transform3D(1, 0, 0, 0, 0.258819, 0.9659258, 0, -0.9659258, 0.258819, 0, 11, 0)
shadow_enabled = true

[node name="WorldEnvironment" type="WorldEnvironment" parent="."]
environment = SubResource("Environment_h2yge")

[node name="LevelGeometry" type="Node" parent="."]

[node name="CSGBox3D" type="CSGBox3D" parent="LevelGeometry"]
transform = Transform3D(1, 0, 0, 0, 1, 0, 0, 0, 1, -15, 0, 0)
use_collision = true
size = Vector3(1, 20, 31)

[node name="CSGBox3D2" type="CSGBox3D" parent="LevelGeometry"]
transform = Transform3D(1, 0, 0, 0, 1, 0, 0, 0, 1, 15, 0, 0)
use_collision = true
size = Vector3(1, 20, 31)

[node name="CSGBox3D3" type="CSGBox3D" parent="LevelGeometry"]
transform = Transform3D(-4.371139e-08, 0, -1, 0, 1, 0, 1, 0, -4.371139e-08, 0, 0, 15)
use_collision = true
size = Vector3(1, 20, 31)

[node name="CSGBox3D4" type="CSGBox3D" parent="LevelGeometry"]
transform = Transform3D(2.9802322e-08, 0, 1.0000001, 0, 1, 0, -1.0000001, 0, 2.9802322e-08, 9.536743e-07, 0, -15)
use_collision = true
size = Vector3(1, 20, 31)

[node name="CSGPolygon3D" type="CSGPolygon3D" parent="LevelGeometry"]
transform = Transform3D(1, 0, 0, 0, 1, 0, 0, 0, 1, 9.632336, 1.5, -10.525935)
use_collision = true
polygon = PackedVector2Array(-4.3, -1.5, 0, 1, 5, 1, 5.6, -1.5)
depth = 4.8

[node name="Camera3D" type="Camera3D" parent="."]
transform = Transform3D(0.9659258, -0.12940961, 0.22414401, 0, 0.8660254, 0.5, -0.25881922, -0.4829629, 0.83651626, 3.8822885, 9, 14.488887)
fov = 32.1
